0 0.434375 0.09453125 0.175 0.071875
0 0.46953125 0.0328125 0.1609375 0.065625
0 0.378125 0.03046875 0.134375 0.0609375
0 0.2359375 0.09609375 0.075 0.1234375
0 0.14296875 0.13125 0.0953125 0.125
0 0.41796875 0.384375 0.109375 0.14375
0 0.5703125 0.42421875 0.075 0.134375
0 0.62734375 0.2875 0.128125 0.109375
0 0.74140625 0.24921875 0.13125 0.084375
0 0.8328125 0.290625 0.125 0.08125
0 0.81328125 0.353125 0.11875 0.065625
0 0.89453125 0.3703125 0.159375 0.075
0 0.6921875 0.425 0.0796875 0.13125
0 0.50625 0.809375 0.2 0.096875
0 0.68203125 0.83828125 0.0796875 0.134375
0 0.778125 0.67734375 0.15 0.090625
0 0.8726489031250001 0.5986328125 0.85275029375 0.66796875 0.8514237203125001 0.6728515625 0.8580565890624999 0.677734375 0.8739754765625 0.681640625 0.8952006593749999 0.681640625 0.8991803812500001 0.6787109375 0.9230587124999999 0.6064453125 0.9164258421874999 0.599609375 0.887241215625 0.59375 0.8792817718749999 0.59375 0.8726489031250001 0.5986328125
0 0.88984375 0.65234375 0.0625 0.121875
0 0.80703125 0.8265625 0.09375 0.13125
0 0.959375 0.68203125 0.08125 0.0828125